(Length-1 7
	(20)
	(30)
	(80)
	(70)
	(90)
	(100)
	(140)
)
(Length-2 18
	(20 30)
	(20 80)
	(20 70)
	(20 50)
	(20 90)
	(20 10)
	(30 80)
	(30 70)
	(30 50)
	(30 90)
	(80 70)
	(80 50)
	(80 90)
	(80 10)
	(70 50)
	(70 90)
	(100 120)
	(100 140)
)
(Length-3 22
	(20 30 80)
	(20 30 70)
	(20 30 50)
	(20 30 90)
	(20 80 90)
	(20 70 80)
	(20 70 90)
	(20 50 80)
	(20 50 70)
	(20 50 90)
	(20 10 80)
	(30 80 90)
	(30 70 80)
	(30 70 90)
	(30 50 80)
	(30 50 70)
	(30 50 90)
	(80 70 90)
	(80 50 70)
	(80 50 90)
	(70 50 90)
	(100 120 140)
)
(Length-4 15
	(20 30 80 90)
	(20 30 70 80)
	(20 30 70 90)
	(20 30 50 80)
	(20 30 50 70)
	(20 30 50 90)
	(20 70 80 90)
	(20 50 80 90)
	(20 50 70 80)
	(20 50 70 90)
	(30 70 80 90)
	(30 50 80 90)
	(30 50 70 80)
	(30 50 70 90)
	(80 50 70 90)
)
(Length-5 6
	(20 30 70 80 90)
	(20 30 50 80 90)
	(20 30 50 70 80)
	(20 30 50 70 90)
	(20 50 70 80 90)
	(30 50 70 80 90)
)
(Length-6 1
	(20 30 50 70 80 90)
)
